303755.12304465217  3899834.255062631  128.800812889
303756.03961719945  3899834.945424759  135.906118297
303757.58051569515  3899836.2881039195  132.035227016
303760.1546838937  3899838.662646873  133.553548684
303762.2815692635  3899840.569693163  134.634608931
303763.79636253114  3899841.9684296907  136.231042922
303765.78001390875  3899843.989566111  136.043854621
303767.68771249766  3899845.868079382  140.980206764
303770.0635457636  3899848.3357148534  142.648463793
303772.04526744597  3899850.2681111214  147.596940333
303773.89550795953  3899852.4364188034  144.390713828
303775.7591857003  3899854.804197385  141.705309732
303777.87537572096  3899857.477234799  148.103020847
303779.691180129  3899860.156794985  150.07476701
303781.34101979993  3899863.1617984055  159.766817603
303782.66364830453  3899866.196102607  156.448012691
303783.9225581599  3899869.2317904746  169.872517514
303784.92755939567  3899872.3173831636  -1.24385461346
303785.8612346357  3899875.8928325423  168.954713171
303786.418233647  3899878.477648952  165.91544918
303786.92182144173  3899881.1191146215  174.489846156
303787.3128564903  3899884.0293739033  175.725675009
303787.56210449454  3899887.1202782816  172.371403795
303787.8458357246  3899890.1216506916  175.401689104
303787.7427344888  3899893.3422824936  -176.775190171
303787.5251044475  3899896.321247074  14.054037992
303787.1208979513  3899899.515123013  -166.71617523
303786.64960229653  3899902.555084987  -170.909361174
303785.9746798307  3899905.444097638  -176.552752913
303784.88224674563  3899908.397665335  -143.79604293
303783.8177944665  3899910.9621988838  -148.982910868
303781.8098136436  3899913.6914925976  -129.319455564
303780.5439937683  3899914.950845817  -132.595853151
303778.79680580297  3899917.108484245  -135.790209551
303777.542979727  3899918.5007524267  -138.081994733
303775.98001094244  3899920.754272562  -139.922021681
303774.61031263054  3899922.6817569276  -145.824479423
303773.4051824097  3899924.6389617664  21.0640404374
303771.56490677246  3899927.542183147  -149.294447109
303770.1208060471  3899930.2370397346  -148.983061118
303768.7444676848  3899932.6973690526  -141.872198171
303767.3173183576  3899934.9146479876  -147.551608709
303766.0964463639  3899937.404895573  -151.163030632
303765.6241829662  3899938.3029837585  -147.96040731
303763.7458679142  3899941.5510684  -148.983138974
303762.77138501  3899943.22581862  -138.532160361
303761.55258103786  3899944.972462084  38.1277142588
303760.5544048655  3899946.814195785  26.3290540796
303759.3421058856  3899948.860341948  -146.47026266
303758.03565121425  3899950.764260185  -143.796360004
303756.74932919897  3899952.756524732  -141.872344837
303755.19999992114  3899954.7988927867  -141.872361513
303753.5517487813  3899956.898898987  -131.946894204
303751.8890961652  3899958.755064246  -134.22543192
303750.1922025328  3899960.7118546856  -129.501167569
303748.3702323904  3899962.3606203063  -127.417954449
303746.28983261227  3899964.27025082  -135.000618973
303743.9320759064  3899966.4078637534  -111.097828862
303741.8871241475  3899968.2723339014  -107.702876655
303740.1190489953  3899969.8866371573  -91.2441799876
303738.38955252833  3899971.599984146  -109.628861439
303736.54938185506  3899973.249147748  -141.872541927
303734.9138022242  3899975.0936306883  45.2897735494
303733.11751134193  3899977.0858773775  49.6642411273
303731.43569815106  3899978.8980714674  -91.2442357494
303729.5790647648  3899981.0470003714  19.4989032765
303727.83985319105  3899983.5707084113  24.9689825792
303726.3871018095  3899985.8662366336  64.855417346
303725.23491924675  3899987.7446138905  133.028154016
303724.00298375316  3899989.7246048218  57.4007024465
303722.2863173081  3899992.4475869504  63.8527085354
303720.8060740306  3899995.154336276  52.5817605711
303719.37581487384  3899997.227419057  77.2745893962
303718.2339959941  3899999.582782669  82.1354227369
303717.20882255095  3900001.857927388  121.584510228
303716.2251192342  3900004.365227702  106.920256056
303715.1703375184  3900007.373478294  -150.295207729
303714.154134781  3900010.480772313  -175.730195009
303713.25366740284  3900013.8851962625  178.755632444
303712.5889532812  3900017.6618285105  175.516626181
303711.8203120681  3900021.684872518  169.435584147
303711.2441059452  3900024.5051616337  176.282647663
303710.5913337307  3900027.9929889753  176.619529316
303710.0500923685  3900030.745931239  46.3285408144
303709.78002022137  3900031.7284144484  -178.397315996
303709.04988139035  3900037.104568404  -170.316400362
303708.5191353148  3900039.502149552  -168.40392695
303707.8234502652  3900042.6912657376  -170.910075933
303707.28467481094  3900045.976854788  -168.403946484
303706.63980393053  3900049.409021517  -161.207527655
303706.11369207443  3900052.4390835473  -156.737399327
303705.3150459851  3900055.9189825663  -169.234307583
303704.94680782664  3900059.0898881988  -151.371320721
303704.4818176285  3900062.4182664696  -157.233673037
303703.87932870013  3900065.7052400387  -153.170223402
303703.16870800813  3900068.2066105152  -138.720192838
303702.95906690217  3900071.5516378153  -133.288905147
303702.2341524371  3900074.6526065036  -135.791261093
303700.0257431611  3900077.3751791352  -130.33632382
303696.99041340506  3900079.7605830035  -124.857485899
303694.24076254107  3900081.462808788  -120.981611695
303691.9344763657  3900083.033326447  -116.889238328
303689.5627325474  3900084.105860452  -113.352575859
303686.0410175072  3900085.4808264407  -118.821933376
303682.52099043614  3900086.933442637  -169.651619355
303679.42992337747  3900088.0105093247  93.2509340245
303676.53838527726  3900089.049948326  -133.671878947
303674.09045192576  3900089.968771051  95.7035234048
303671.4013353159  3900091.1036951286  88.7553364113
303668.60630940594  3900091.974571066  68.0383906734
303665.4579803052  3900092.9308097665  66.3094552721
303662.93663541606  3900092.9855928523  49.66339072
303660.4310283706  3900092.507334458  68.7437174267
303658.3695069497  3900091.930644103  62.1076217648
303655.8278584976  3900090.6319238553  69.6779535709
303653.4079140492  3900089.4859306887  89.9908622681
303651.08996592415  3900088.004784175  97.5716885044
303648.80149336247  3900086.6228790246  98.7965238518
303646.6028382508  3900085.1835330976  89.7895058936
303644.7069700081  3900083.8485873817  97.6915795825
303642.4717204959  3900082.8206607075  98.8147927561
303640.6259427146  3900081.695487845  100.236341513
303638.40070116695  3900080.290015258  97.9843718531
303635.5851952351  3900078.542236522  98.6942893638
303633.0777793819  3900077.1428970187  94.8924796828
303630.4206271736  3900075.558147432  97.4165228907
303627.87559493864  3900074.1041371045  91.4386518029
303625.5219522809  3900072.6570661147  90.8384411902
303622.62885940855  3900071.110739854  99.0754511585
303620.4867388522  3900069.7589545646  92.2923291604
303618.45722091803  3900068.5600935365  92.9791092104
303616.2523469116  3900067.2540646666  95.9402797661
303613.75493278995  3900065.4771833364  93.6525293591
303611.60756444786  3900064.3030808354  63.5244358472
303609.08862749924  3900062.7930186493  70.0531350486
303606.483610998  3900060.674442068  72.5202132015
303604.71414119797  3900058.8706440697  84.1441992711
303602.74393644475  3900057.0490133497  74.1593809507
303602.74393644475  3900057.0490133497  74.1593809507
303598.82619159325  3900052.7726786816  91.283108801
303596.3657840312  3900050.1848487942  73.9433929476
303594.2252232409  3900048.0672783926  75.282687842
303592.2181223461  3900046.224255793  72.9585027689
303590.1626154682  3900044.249110607  78.0207135961
303588.303502389  3900042.0921302466  69.5573370605
303586.44541267713  3900040.401240883  72.4880433719
303583.855755787  3900038.570882361  82.9076357354
303581.88487912394  3900037.137697717  79.8748044223
303579.4238594021  3900035.3600338753  80.6628948174
303576.9523497897  3900033.9377323305  78.5207322817
303575.1822661705  3900032.944101483  90.6670261502
303572.72395672684  3900031.710178842  85.238629332
303569.4737381998  3900030.493471113  81.2676066233
303569.4737381998  3900030.493471113  81.2676066233
303569.4737381998  3900030.493471113  81.2676066233
303561.9341172483  3900027.594340456  -77.5476401154
303559.2545140754  3900026.6537780147  -70.6907700214
303556.1017654685  3900025.312878761  -73.6093877656
303553.58166348096  3900024.1690877783  -67.9721929739
303551.1281714677  3900023.1570245204  -69.1375135692
303548.54386903817  3900021.9924347037  -60.6681550646
303545.9599866263  3900020.428310997  -52.8617966485
303543.6724447276  3900019.0908018914  -59.8903625611
303542.0003103012  3900017.9951662966  -55.3568673462
303539.47055768716  3900016.4076716267  -48.4922132471
303537.61462385283  3900014.816625912  -40.6170239712
303536.03604081133  3900012.9975919644  -42.4406038409
303534.419118111  3900011.0906083765  -40.6170542228
303533.02306451567  3900009.289802284  -36.3662544805
303531.5474381342  3900007.179984385  -35.8234668164
303530.374120441  3900005.1523773633  -33.6236345169
303529.1361205719  3900003.0817850637  -29.3199328712
303528.13954447873  3900000.806181094  -34.528963543
303527.11035469314  3899998.287131834  1.88572108169
303526.31228047976  3899995.5078052846  8.07452223685
303525.4311404679  3899993.096516534  -3.20377518344
303524.71667562285  3899990.3930577366  46.9680305486
303524.158881363  3899987.7749760197  34.6605439998
303523.8809669683  3899984.207484959  18.1300680423
303523.70499262813  3899981.5589057086  14.0522030534
303523.68990568654  3899978.351931865  12.5842063095
303523.9311346087  3899975.2059726967  12.1544352809
303524.532183193  3899972.2741488526  16.92598236
303525.07512452913  3899970.0205622036  19.7082136041
303525.9484077181  3899967.8818705054  20.0977079836
303526.3099074556  3899966.4978674385  13.5808458044
303526.6536847479  3899965.136445579  18.3895985496
303526.94598267676  3899963.920416089  22.3907766354
303527.4002578921  3899963.033802814  24.6867957275
303527.5889356788  3899962.4969999725  24.2307532374
303527.6238984852  3899962.429652237  22.9820784186
303527.640656361  3899962.3627003105  24.4434856064
303527.6408975369  3899962.373792997  24.9677895379
303527.692618223  3899962.2394933356  26.5669073012
303527.70075598557  3899962.194924687  27.8645873494
303527.99673400365  3899961.5670055137  28.2608331955
303528.536245943  3899960.4121887996  25.4540401312
303528.91480767983  3899959.3940466163  30.7039277807
303529.70629496226  3899958.1005764687  33.8753951331
303530.3033162495  3899957.0776847014  39.949790177
303531.18606984965  3899955.7933283723  39.2774729539
303532.15816025325  3899954.429344345  29.5827532083
303532.7494559753  3899953.5619482677  45.6045861275
303532.7494559753  3899953.5619482677  45.6045861275
303536.6494590014  3899949.0601825076  45.7000695628
303538.0129576479  3899947.6876897123  41.1118573171
303539.3510169431  3899945.9828123604  47.3272399444
303541.3453586891  3899943.8863379275  48.2887138452
303542.9299097784  3899942.2093961956  49.2137961669
303545.43700489134  3899939.402606073  46.6820767078
303546.94252894365  3899937.8605583166  42.8757212879
303549.4288300415  3899935.3538655704  49.1068667685
303550.8536387477  3899933.8690628936  43.3130215082
303552.029124376  3899932.644932823  31.5663679271
303552.1361840208  3899932.542724112  30.3644091812
303552.1989369091  3899932.496968221  30.3644100784
303553.2572961628  3899931.330874176  19.2098368028
303554.8312415726  3899929.1658566194  39.2324081596
303556.84717164736  3899927.2242878084  44.1434850214
303559.1413614049  3899924.6773826275  36.9360267897
303561.35308719124  3899921.6883536614  38.1265438674
303563.0620667696  3899919.0320937093  33.1199062466
303564.2965715426  3899916.7523795906  -156.123075102
303566.245232518  3899913.3917409917  30.6575998467
303566.3676040934  3899913.1560245296  30.0477488108
303567.3485059302  3899911.359034385  32.2904535089
303568.83643672685  3899909.0072247596  25.7458783739
303570.7521879817  3899904.9703293066  27.4360180692
303572.263209636  3899901.5859114463  22.4851155871
303573.71557821427  3899898.435825255  27.4360556562
303574.7271067198  3899896.3718202477  29.5832075735
303575.4234226601  3899894.470037823  16.9264828544
303575.43083741  3899894.392191183  21.0628781075
303575.5690034658  3899894.045152329  21.0628797502
303576.20901682175  3899892.06690832  23.2622419497
303576.6349692358  3899890.7148009655  17.2403270028
303577.6381229678  3899887.0084856404  7.09126741125
303578.2706630655  3899884.686368648  15.5004736551
303579.02117651596  3899881.5071473485  7.3954619083
303579.69042821944  3899879.6170516135  -8.26231477472
303579.9043711299  3899878.1474754876  -20.993713021
303579.9766498733  3899877.701987514  -136.686594773
303579.9766498733  3899877.701987514  -136.686594773
303580.5751957875  3899873.8158024154  17.9493595463
303581.1465533876  3899870.773650563  2.83631998814
303581.49939072947  3899867.314527275  3.22352995382
303581.6481737518  3899864.103993516  178.754861086
303582.2282162982  3899859.7853918755  8.07507121194
303582.95492431597  3899855.9297153456  5.7720476561
303583.72599962796  3899852.4393060883  28.0672660497
303585.19695065846  3899848.4675725787  24.5215764097
303587.6294014987  3899844.319570833  22.9827880664
303590.03725773067  3899840.715902658  44.0388839469
303591.69339355204  3899838.560205026  47.4032403779
303597.56012817327  3899832.3621366913  53.4720992409
303601.22336062836  3899829.9519601534  58.9219281742
303604.0897226708  3899828.1694888063  64.195302278
303608.2680654342  3899826.4139960175  74.4461773015
303610.99010914424  3899825.5335949133  64.7258655014
303614.46236591507  3899824.3927372973  -1.24491424432
303615.5036207129  3899824.1148573947  72.5750359884
303615.812385983  3899824.0748538123  71.4406475359
303615.812385983  3899824.0748538123  71.4406475359
303622.8835463292  3899823.0111628966  85.0853137076
303625.17065275804  3899822.6507218513  80.3021194645
303627.37034893734  3899822.4586495915  81.0440420926
303629.43139368686  3899822.5914303646  -75.6414302083
303634.0608606982  3899824.832495876  119.2813047
303635.0095159741  3899825.322386744  131.181618834
303640.0206224895  3899827.943589622  116.093931024
303642.1706350297  3899828.81800058  113.108356191
303644.4303603056  3899829.7122240206  109.711990894
303646.08208335517  3899830.286721009  110.862742143
303649.0635638201  3899831.287340505  109.8035312
303651.5029294013  3899832.0666833194  -69.1372212619
303653.7410734899  3899832.806007033  -71.5681369402
303654.10758721933  3899832.909022969  108.837174681
303660.0683190824  3899834.38871431  94.1106681699
303662.80825371196  3899834.7509068935  95.3755137525
303666.21912862256  3899834.9764465853  102.839866905
303669.07185352925  3899835.0809385264  -95.0133089526
303672.49755935057  3899835.1507875384  88.7554495151
303675.3655973656  3899835.121773791  -90.2127937961
303678.35437878064  3899835.2011170415  107.456866158
303680.98285768117  3899835.0441343477  97.1580543388
303684.37233936024  3899834.70415193  77.5770160948
303687.32345118513  3899834.3071061377  85.4343959938
303690.2410444473  3899834.043964418  85.5850605652
303691.3505963059  3899833.975470069  -83.5332945136
303695.23402787826  3899833.735740927  85.434446332
303699.1308456217  3899833.2737644166  -96.8968317667
303701.4090895568  3899832.924633074  92.4254641688
303701.4090895568  3899832.924633074  92.4254641688
303705.8997445855  3899832.5496415896  77.274779206
303711.09413732635  3899831.8708209614  72.453029531
303713.91781443596  3899831.4765519393  82.1355881799
303716.53478244034  3899831.208850575  82.7067996814
303719.3136697266  3899830.848849836  88.755747447
303721.2872452172  3899830.7282991433  -106.396871891
303724.695416078  3899830.410121928  88.7557808257
303724.695416078  3899830.410121928  88.7557808257
303728.27340436116  3899829.9439849453  84.9870717773
303728.46479967464  3899829.950925995  82.9571611175
303728.7922520094  3899829.932716247  73.6031778197
303730.32336227596  3899829.5665253573  81.2506839912
303733.7650530895  3899829.1144486745  78.5957097944
303736.280448038  3899828.7823716123  84.8827509662
303738.86317485414  3899828.6153016333  82.7927304998
303741.8159762315  3899828.295922567  90.6946587441
303743.55312578124  3899828.1916092103  88.7559021381
303744.9479903497  3899828.261198191  110.273354794
303747.8183001558  3899829.175480533  -70.396164229
303750.80825001135  3899830.986096281  123.425786732
303752.21255993715  3899831.9100202513  126.207907096
303757.1155103191  3899835.843187501  -51.0908236008
