332256.21125681617  4128605.3762128204  68.90436278616231
332254.3726604126  4128606.1234118533  67.74646969769768
332252.4906271134  4128606.9158805455  72.29038663964751
332250.6334126871  4128607.619053368  73.09305003944702
332248.7037228432  4128608.2459778464  73.0930355053634
332246.78423104354  4128608.93929827  72.94484069321054
332244.7944849238  4128609.6673253286  71.33144095578793
332242.9190972084  4128610.3486638493  73.09299167001204
332241.01800289407  4128611.074917171  71.47840148564363
332239.05396459217  4128611.758031258  73.88626920115227
332237.11674405966  4128612.4517088924  71.3313823220993
332235.2679528596  4128613.132516755  73.38136318265539
332233.34070867166  4128613.8814952713  71.47834272905757
332231.4648784542  4128614.5406454387  73.60351227504206
332229.58993704186  4128615.244178005  72.29021156925361
332227.6518294589  4128615.893475916  73.74612531882966
332225.0382169321  4128616.911496351  76.25459478804086
332225.0382169321  4128616.911496351  76.25459478804086
332220.01864697575  4128618.688083637  72.29013930055251
332218.0993817863  4128619.392506295  68.71867668319582
332216.20582362893  4128620.05201495  74.26634162815188
332214.31248789805  4128620.7226195373  72.94459413879311
332212.4541685743  4128621.3703235826  73.71059458495634
332210.5787857766  4128622.051669529  72.63991383789387
332208.64179183956  4128622.7564494093  72.63989915269623
332206.72163976845  4128623.4164927695  73.74596639607651
332204.87196448806  4128624.0529255415  73.2382167385578
332202.9440587056  4128624.7686247593  72.94450883174335
332200.99731217255  4128625.429201989  74.53771503673362
332199.6897202447  4128625.677383531  85.44211172983024
332197.8537550771  4128625.669746759  95.71515192079558
332196.75845942635  4128625.4474802087  106.87847247570163
332195.59622006386  4128624.982355569  117.06181027125666
332194.3388863057  4128624.197236966  127.43885555684211
332193.2007758092  4128623.165532434  138.01030922480683
332192.47179308126  4128622.1922350936  149.1393470007701
332191.4262880306  4128620.470479988  152.12900512295585
332190.49314062344  4128618.602175812  158.09587352870972
332189.5865881663  4128616.7333391616  157.30911958562484
332188.80414694827  4128614.862017277  161.99271328895762
332188.20676194044  4128612.9314899915  167.07918269665953
332187.94316298526  4128611.2828771663  177.1986244612835
332187.9245216295  4128610.7948530028  -179.49301333168165
332188.09109199245  4128608.926727149  -169.4442288420138
332188.5211721264  4128606.931225187  -162.47030262876095
332189.1203787349  4128605.409634041  -151.6396138017317
332189.6458206606  4128604.633216183  -140.33924401481252
332190.1072293718  4128604.2021788107  -128.83633926545954
332190.47489884746  4128603.9617175697  -118.74061071212135
332192.19999949145  4128602.8615788105  -119.70082450106334
332193.99713250843  4128601.815497747  -114.94635553211616
332195.8164397403  4128600.9909719084  -110.64031763918572
332197.69824757753  4128600.1873948704  -107.76980426544898
332198.3963711809  4128600.062416428  -95.96243554887378
332199.10602598987  4128600.070406443  -84.90593477073261
332199.67606041324  4128600.1921916204  -74.42783573578872
332200.7930885199  4128600.6138224993  -64.30946571684247
332201.5111856733  4128601.0434414293  -53.58508072056492
332202.06240047  4128601.5541015295  -42.744510865244166
332202.6818917778  4128602.3741928977  -31.731443551661503
332203.3370871658  4128603.6486669783  -21.38915069378951
332204.2259074249  4128605.5178600335  -24.69512047703487
332205.13156890275  4128607.3423161954  -23.179287156464387
332205.9674198611  4128609.223669945  -23.380957977031127
332206.8103369244  4128610.572085121  -34.652232690787
332207.3795031959  4128611.0934860297  -45.72612589166064
332207.9542021066  4128611.4482770856  -56.77460450085801
332208.7585053955  4128611.754071153  -67.86803507972144
332209.60491262673  4128611.9480228676  -78.02357086974193
332210.2966139781  4128611.9452733034  -89.11834180330874
332211.57805725565  4128611.7198169883  -99.28734121799614
332212.8552796617  4128611.2835465134  -109.99399146512238
332214.70782536175  4128610.3473598417  -114.64462334389943
332216.5264660249  4128609.4895520164  -111.66217672920894
332218.4248931327  4128608.6301471754  -111.28130049068085
332220.1457960296  4128607.7631970774  -115.05330878251769
332221.94204253773  4128606.672740113  -120.23248348515845
332222.87439443707  4128605.843778041  -131.52608412782908
332223.5835634229  4128604.9415847836  -142.08186509304005
332224.09458985867  4128603.887959379  -153.92499362466228
332224.39329766086  4128602.860784637  -163.9440785146738
332224.46462215367  4128601.9935614048  -174.3963604752565
332224.43645140145  4128601.4724282473  179.9694645874552
332224.2788375255  4128600.687488072  168.90530546193622
332223.8133671753  4128599.586813135  158.89330351093062
332223.04113042395  4128597.781883777  159.36007078239484
332222.2675605217  4128595.910381531  160.39644422288066
332221.47648216865  4128594.0503298175  161.44548221897892
332220.1689628662  4128591.2016232694  155.53545860591996
332219.2358192676  4128589.333316083  155.30495285878072
332218.39885898615  4128587.396483639  158.64576469434738
332217.6705015519  4128585.56847629  160.21121042126975
332216.87786632706  4128583.6307565263  158.84669918472366
332216.1404209918  4128581.791831299  159.55695609015726
332215.36484897137  4128579.8204702022  159.55694772306157
332214.61876002105  4128577.9928180827  157.58452345711902
332213.80019447603  4128576.0889175413  157.52661885622564
332212.9920488022  4128574.2625080193  155.30487736859607
332212.13779978873  4128572.3482221183  156.57225023096868
332211.3786444722  4128570.7539305813  155.2216397564588
332210.57160860253  4128568.98299873  158.61083809740026
332209.7528192369  4128567.0680030566  159.3540727824632
332209.02401413594  4128565.217805406  160.70434004209662
332208.22339875565  4128563.324645849  159.35990680750973
332207.3709249642  4128561.499124323  157.5844411723163
332206.43888642336  4128559.68629589  152.07632420308136
332205.55430484755  4128558.4719140925  141.93584815928057
332204.75064167636  4128557.755409476  131.66791359212752
332203.84326220315  4128557.1741808946  120.89089292409413
332202.68987929047  4128556.7088775006  110.45196192908442
332201.6482103298  4128556.5077359765  99.93678566141354
332200.6016751317  4128556.506490939  89.52307522336814
332199.0990384321  4128556.7585773678  77.95393496211693
332197.8754435133  4128557.215975555  67.45221711857904
332196.9734389299  4128557.789033884  57.09894397816738
332196.25938052265  4128558.4471284687  46.273515010293146
332195.6200205683  4128559.2924263705  35.95587075551276
332195.253259377  4128560.021266457  25.629506681806998
332194.9556640382  4128561.103919703  14.450731688683717
332194.84445955337  4128562.193940641  4.160736645958731
332194.9373761903  4128563.2909742324  -6.394325900067775
332195.24372338515  4128564.417033951  -16.74498031904471
332196.10506480007  4128566.2423768193  -22.428372069604862
332196.9579850472  4128568.090088265  -19.978109230744113
332197.4846712956  4128570.0331316767  -11.511995435602437
332197.5975396134  4128571.2407651916  -1.1471133757839007
332197.49297846097  4128572.21965367  9.217764601526103
332197.20424854965  4128573.3021293487  19.609937842223474
332196.3630342202  4128575.139363877  29.437313635030577
332195.760024976  4128576.028333747  39.62732331477422
332195.06503168255  4128576.7526464323  49.881708012106
332194.1213698168  4128577.459738646  59.96409646328463
332192.8652059309  4128578.062089157  70.00596225386282
332191.78921159497  4128578.3611336765  81.3119256521425
332189.90337778296  4128578.5209957887  92.26358691496922
332187.81517853047  4128578.3186125793  96.91731220451435
332185.7857024174  4128577.948554825  103.16790565154565
332183.7941308123  4128577.6998378644  93.57765398243745
332182.82051909785  4128577.797034353  83.45668249351674
332181.60312692437  4128578.1211116277  72.44357593565026
332180.3735593988  4128578.722931457  62.015191514524794
332178.8182260595  4128579.8862723312  52.81066175045403
332177.57517324726  4128581.1432592543  42.1038558586583
332177.0676832616  4128581.9304182515  31.530481964295053
332176.56132723467  4128583.2170519927  20.629117384959386
332176.1740186027  4128585.1339984285  10.148707416711964
332176.1541349721  4128586.355390306  -1.147265504927638
332176.365411727  4128587.6054527443  -11.391362008959065
332176.8641504317  4128589.0384574425  -21.780307511363027
332177.590271877  4128590.3115093773  -32.65225325556547
332178.21552078135  4128590.9760846016  -42.65706281817039
332179.0621759043  4128591.625126058  -52.849394733705324
332180.05709411175  4128592.149099137  -63.45410461278418
332180.94916297856  4128592.4087333404  -74.09324113734503
332182.1138291662  4128592.5519092926  -84.28497706707367
332183.6202362877  4128592.488442942  -94.5258761841984
332185.62506850436  4128592.0708976095  -103.25686549921551
332187.5820202187  4128591.4767124997  -106.49525092430487
332189.4664957769  4128590.806279581  -108.2011749995362
332191.3680353544  4128590.102205579  -108.20116032844348
332193.2347811968  4128589.432128569  -107.70998376033025
332195.2076868602  4128588.748826309  -108.36004932397732
332197.02877451613  4128588.013064788  -109.81869344325581
332198.92920443043  4128587.2535150885  -109.81867865312311
332200.8830477105  4128586.5039962684  -110.10841990379986
332202.7723914753  4128585.6336700507  -111.89981423388437
332204.66373508365  4128584.8632037058  -110.28253338017915
332207.4814763161  4128583.8521901635  -113.58250317797597
332209.3007887426  4128583.0276674516  -113.79270421603984
332211.17195947963  4128582.135507207  -114.35590341709171
332212.99149475945  4128581.322080816  -111.4699879049977
332214.89081673755  4128580.507057383  -113.60561828707904
332216.75490060553  4128579.703839857  -112.94796069584243
332218.63471581787  4128578.8004083494  -114.35584320980601
332220.4449430456  4128577.9649701365  -114.35582855486909
332222.86973367457  4128576.817530026  -119.70053132055682
332223.9430431359  4128575.941346489  -130.27632618961195
332224.2887638928  4128575.490427448  -140.33889899735667
332225.0927666818  4128574.0091390787  -150.68529362808385
332225.3675460835  4128573.115642806  -162.17047212162456
332225.4581564188  4128572.325733106  -172.17821368931084
332224.3930846816  4128569.1835736264  152.62318256832287
332223.5579010525  4128567.3355046296  155.574517104221
332222.7683757376  4128565.5531212296  154.4939485042934
332221.958454113  4128563.6379469726  157.7161933574572
332221.19374655746  4128561.766267318  156.75376819975904
332220.4465468925  4128559.8831372573  158.05391331460208
332219.7091006619  4128558.0442117364  159.01189202267844
332219.0503300116  4128556.148211413  161.26134493676486
332218.24151748663  4128554.288514938  156.11243551466146
332217.4134192595  4128552.3515050747  156.1124259458405
332217.31854742055  4128552.0426062224  150.8106029015142
332218.20603623055  4128553.8452277505  156.75373080398643
332218.87389453605  4128555.752146014  162.83232269956795
332219.03881963587  4128556.459240152  152.23938058761283
332219.26335737953  4128557.0430414663  141.84539964110965
332219.66564287513  4128557.6454839967  130.0104208095787
332220.1993509468  4128558.1675957856  117.83857378682305
332220.73859202705  4128558.523097745  107.475034840462
332221.3558425105  4128558.7882384285  96.77009889412919
332223.38132269826  4128558.9585860423  87.96782629380283
332224.3748885278  4128558.9719943055  77.56917345616175
332225.3471698571  4128558.808229788  66.48694595669566
332227.1237184892  4128558.062267074  63.20935185793454
332228.9689675323  4128557.203930005  65.94360468019535
332229.51416582183  4128556.971016526  68.8321537893281
332227.7679885099  4128557.9050696306  60.750515446843345
332226.02780916734  4128559.138701379  51.81377614131132
332224.51856906706  4128560.3899099207  47.94480263442601
332224.10548041406  4128561.019776655  37.47753044005151
332223.7828206207  4128561.736632503  27.072594778589274
332223.62793270044  4128562.4168296847  15.935432825002543
332223.5907355106  4128563.2167699775  5.554497010138058
332223.7018432673  4128564.7796369186  -4.5592103541765105
332224.0203837132  4128566.0719524445  -15.09330865213471
332224.74807470175  4128567.8666738286  -22.923339314606554
332225.5402650158  4128569.7822032957  -23.55723393055943
332226.2118565268  4128570.9897511546  -24.69504317825975
332226.91004333424  4128572.1967666214  -34.72898455915553
332227.66073438607  4128572.9254336385  -46.016548546612455
332228.4426654527  4128573.442576461  -57.38577377914642
332229.06811336684  4128573.6742537166  -68.29382319178067
332229.7177132951  4128573.783348175  -79.69173712533022
332230.3737349496  4128573.770214799  -89.80675521084673
332231.1157426509  4128573.6221608063  -99.87346158616847
332232.9403904092  4128573.063935188  -105.97615668022388
332234.8494696529  4128572.2931209095  -110.45954587192759
332236.6829634382  4128571.2907215273  -118.74019348071714
332237.57343839447  4128570.5846990766  -129.04489250138084
332238.25801573356  4128569.7828990957  -139.91845882022778
332238.63497793145  4128569.120456473  -150.4562724504403
332238.88627309434  4128568.3828299893  -160.66351910880329
332239.13132956834  4128566.8905326407  -171.31653747883757
332239.21037179616  4128565.0796604855  179.94300924185578
332238.9866851466  4128563.652246418  169.44787544758773
332238.3031007065  4128561.845541068  159.40802773042697
332237.55701555935  4128560.017887071  160.17618084921682
332236.7832239993  4128558.13528809  159.18411860208596
332235.98305871256  4128556.2643170785  158.1230815914922
332235.18355945544  4128554.426632609  157.07670962778658
332234.39225869393  4128552.5554842637  157.83018068537936
332233.6107112753  4128550.728540476  155.08115733567502
332232.7037182279  4128548.8375084475  154.2412149747798
332231.7796608027  4128546.980117932  158.09601964151923
332230.8119434304  4128545.156901364  151.6310068579922
332230.21284707414  4128544.4695988763  140.6678605050426
332229.3466843077  4128543.732143299  129.40044191811015
332228.3686058484  4128543.1634273953  118.54334454539793
332227.1538326691  4128542.73264945  108.34615382842861
332225.63277605706  4128542.5078023667  97.66144502806489
332224.3654980466  4128542.55537331  86.82439692545037
332222.5290910065  4128542.9695366602  76.51547924999021
332220.61778447725  4128543.629398608  72.13388686349218
332218.76100221137  4128544.354769017  70.65746828194233
332216.78897280054  4128545.0824472317  72.79385978247427
332214.9794049964  4128545.951172435  68.15467492169788
332213.2072976397  4128546.919047486  63.391802423688105
332211.4631191446  4128547.952963388  65.55380390665836
332209.75306888565  4128548.919596724  62.511555686285426
332209.13452635973  4128549.4758782336  50.676801916099585
332208.7116844172  4128550.0615412714  38.381947790620096
332208.3710728921  4128550.767657239  27.06494731667429
332208.16410562646  4128551.5043971897  16.144052703528896
332208.03761257103  4128552.7168232836  5.3646022779528595
332208.13541492564  4128554.0579577666  -4.91162045192683
332208.5727809455  4128555.969490307  -14.006308113021978
332209.3275158606  4128557.7858689525  -21.66338262126631
332210.1270206481  4128559.623551149  -22.16997704643764
332210.9706288158  4128561.449250433  -19.687336297027407
332211.80648223084  4128563.3306047516  -21.389167936441584
332212.6057638762  4128565.157191671  -20.414459479728873
332213.4504817737  4128567.0383686414  -20.640054798900444
332214.28522341244  4128568.8642457244  -21.663327512967953
332215.12971846503  4128570.734327357  -22.415491290293506
332215.98285618186  4128572.593136081  -22.673094673009356
332216.6230076258  4128574.4451092063  -13.631227510362368
332216.90544255544  4128576.1488451613  -3.352091480261277
332216.9095239902  4128578.124552676  6.438155184831214
332216.5064749416  4128580.141711321  16.37126910499457
332215.9509206316  4128581.6291262773  26.734479539924582
332215.08397560683  4128583.067276112  37.051526909943696
332213.8442504271  4128584.4906898728  47.4236763703694
332212.6656721225  4128585.424482208  57.69168307113634
332211.55135061534  4128586.023989975  67.8892154572614
332209.7666106215  4128586.803420246  70.18140284569296
332207.8659575941  4128587.55187196  70.35361627077158
332205.929844316  4128588.3010341334  70.35360194434774
332204.0201046284  4128589.0385687565  69.54021073810115
332202.1903736993  4128589.7856017463  69.35976152132905
332200.3083409101  4128590.5780821755  68.8464402910319
332198.42586411536  4128591.348372059  68.2729339202171
332196.55536322924  4128592.2738217544  63.98276043698272
332194.6906174014  4128593.043757473  69.5401372651827
332192.75495079637  4128593.815113764  69.54012145903293
332190.87358626124  4128594.640882857  65.78864016769829
332189.0079526894  4128595.366437908  71.47808630181115
332187.13212116424  4128596.0255979537  70.82726074390739
332185.2578452424  4128596.7624268783  69.5861067327516
332183.2605687165  4128597.557219096  68.90388806557655
332181.38629343954  4128598.294048913  71.15841232142785
332179.49982037913  4128598.864624299  76.5150848665502
332177.67007068155  4128599.167665547  86.80473843312616
332176.188260332  4128599.130740965  96.99302503229177
332174.94092006347  4128598.8449222893  107.04841104029714
332173.7866520653  4128598.3352410137  117.59522068131868
332172.76269445656  4128597.689750881  127.63418356417758
332171.6702367205  4128596.723734358  138.90161826220137
332170.6223034009  4128595.323928492  149.34509179674498
332169.59585432406  4128593.668393781  151.630703627267
332168.6653659236  4128591.933237753  154.7655792047245
332167.6963056162  4128590.043455097  154.24086066160464
332166.8260947721  4128588.2182925  157.84945907413712
332166.07910676306  4128586.3462623656  161.97421354814364
332165.34165024676  4128584.5073412247  158.65135474372806
332164.5689550466  4128582.6802258254  159.4198528674786
332163.75082268944  4128580.798520768  158.06996172220906
332162.96815061  4128578.916105586  162.8489184605444
332162.4435037877  4128577.960918024  152.6700224078081
332161.661720069  4128576.122884926  158.94187134107142
332160.9399921672  4128574.183749598  156.54474277328873
332160.5471874907  4128572.7264241497  167.27473208101694
332160.3662577199  4128571.2204555017  178.2581258903567
332160.38351993647  4128570.753912149  -179.3643607118192
332160.52775966143  4128569.985127217  -168.12464459441946
332160.86281086365  4128569.0016218033  -157.21178323087946
332161.51876229217  4128567.6564912684  -146.0730934505288
332162.6913145445  4128565.979116096  -139.83553316640007
332163.36990911525  4128565.3217287255  -128.6722133938809
332164.89244921034  4128564.2922411286  -117.51386222597729
332166.67741271947  4128563.5238968423  -109.93747950141265
332168.6110845676  4128562.6526752906  -112.5087497387936
332170.5115181777  4128561.893119286  -108.52196929545813
332172.2789745192  4128561.136226805  -111.47021036461045
332174.1689881863  4128560.2991807475  -112.11097583292643
332175.9878586142  4128559.452459915  -112.97366956047848
332177.91377809166  4128558.6368955746  -111.54021496129428
332179.79514984664  4128557.8111238526  -113.1731098441301
332181.64195001614  4128557.030444648  -110.73490613738062
332183.53485391475  4128556.3376421686  -109.8187066149409
332185.4607747664  4128555.5220796154  -112.35296008338267
332187.35079089034  4128554.6850366234  -110.8239587173776
332189.2326087383  4128553.88145807  -113.17303426162587
332191.06145802443  4128553.090040556  -111.54011113858047
332192.94327655144  4128552.286462861  -111.8578314972415
332194.7716821545  4128551.4728551973  -112.29620388869616
332196.67898605845  4128550.6132683656  -112.35287068514712
332198.534210074  4128549.8102245033  -110.10834497007835
332200.4791971089  4128549.0608834396  -108.8293075351335
332202.4057876106  4128548.278611376  -109.7690369143967
332204.243060107  4128547.46482834  -111.4270476880857
332206.08853165293  4128546.61758174  -110.90275363626387
332207.97855165263  4128545.78054355  -109.6037094155225
332209.7460144449  4128545.02365922  -108.82923494900683
332211.62716994603  4128544.1867993777  -112.0255539920002
332213.51719099574  4128543.349762478  -110.21595368143612
332215.39856936265  4128542.523999002  -107.91486313214351
332217.3065436558  4128541.6977034905  -110.04885331092396
332219.18061252206  4128540.9497868186  -104.84136481723584
332221.0101335982  4128540.191662519  -110.45955856594811
332222.91921960225  4128539.4208457805  -111.42690048836391
332224.733010125  4128538.762936707  -108.85417989551125
332226.7697635814  4128538.167163973  -98.34559369710301
332227.88611180196  4128538.111515068  -87.86104639558047
332228.5359365995  4128538.231705015  -77.86008136837788
332229.5984471309  4128538.587831852  -66.67567350900302
332230.98034649657  4128539.3926622923  -55.6538675979687
332232.1262172302  4128540.3687171284  -45.511818816195564
332233.16350387566  4128541.6799439965  -34.80354597305213
332233.95589670574  4128543.1625725836  -23.708517864623197
332234.7272467184  4128544.9231209313  -21.630218764586683
332235.5537866233  4128546.7824639343  -20.87067681913331
332236.30031741445  4128548.632308753  -19.60354379905162
332237.1359439557  4128550.502569918  -22.223250106691225
332237.92568943556  4128552.296050065  -21.66319640675014
332238.74425129395  4128554.1999527877  -20.123321948989318
332239.5091775274  4128556.082729403  -20.11728798791211
332240.38846224523  4128557.9188170517  -23.185955780141054
332241.29523057427  4128559.798754352  -22.659572451539614
332242.1476969439  4128561.624279075  -22.923232691903035
332243.04404458485  4128563.4267255734  -23.68812993831061
332243.86216013844  4128565.3084377665  -20.870585780766422
332244.50252785697  4128567.1715082964  -15.716272916749602
332245.11009997164  4128569.168434614  -14.522951414675378
332245.27990903595  4128570.119630003  -10.765998681209526
332245.2404887922  4128570.8086152286  -0.4736039057419745
332244.97172334854  4128572.4456861434  9.815310994199265
332244.60097989906  4128573.4188022283  19.990048843419327
332244.144453163  4128574.093937237  30.074445160870777
332243.6138957053  4128574.615155104  41.04686916860517
332242.9926877527  4128575.03828823  51.34196677719193
332242.28038506955  4128575.3411456523  61.80821149194799
332240.4530913787  4128576.2102204594  62.857911623291294
332238.6605923127  4128577.0452993317  63.89906383746658
332236.74242660496  4128577.8051947528  68.2732297682404
332234.8663657615  4128578.4532483458  70.87567222027113
332234.820707264  4128578.3875627625  81.30424598121384
332235.31449033425  4128578.2444783812  91.32438770752385
332235.94324980566  4128578.1985913725  101.45155668163984
332236.4762695644  4128578.2434205282  111.75283061140371
332237.1817253644  4128578.4845966212  121.96693141358425
332238.83712418575  4128579.661350743  117.27657273801337
332239.4120458161  4128580.027239456  107.04065001069509
332239.993389271  4128580.270900335  96.58180002808577
332240.6525200021  4128580.4131046273  85.44242602775329
332241.2473735162  4128580.4455963196  73.1022164557339
332241.92821315944  4128580.3431675006  62.25907939470191
332242.47229964734  4128580.054777359  63.899080793338534
332241.6946096638  4128580.192444733  75.44431796303321
332240.9406276576  4128580.1853383896  85.55977704191615
332240.2192187449  4128580.033280857  97.22952212844591
332238.31008215144  4128579.472102581  101.59843237501688
332236.2544579939  4128579.124756088  98.16106097542084
332234.280841246  4128578.8867677436  96.40203215167219
332233.01401301596  4128578.9565285523  86.29374103499715
332231.05172461027  4128579.2844110383  78.47393291239308
332229.09432320547  4128579.8563948036  71.27193119532744
332227.256167393  4128580.6257906295  64.65932346498177
332225.36726449465  4128581.5183021785  64.6249386665944
332224.02689050825  4128582.3443326363  53.28102940014317
332223.6989003709  4128582.794896736  42.166769298079906
332223.23728702764  4128583.658833813  31.214631534808696
332222.5671513546  4128585.1818420957  20.079030113958126
332222.5596803527  4128586.5805840157  -2.5339060240735147
332222.7773513078  4128587.2644223254  -13.49425345654379
332223.5059296243  4128589.10352557  -23.557207509814425
332224.32138194126  4128590.8520900896  -25.152086011285014
332225.1751822692  4128592.7441861397  -24.89743875821629
332226.0099191527  4128594.5700642844  -24.4725603763739
332226.6028130839  4128595.390689797  -36.034845959577886
332227.2249476833  4128595.8999316487  -47.80241179060056
332227.8792107421  4128596.24203124  -59.473170157999476
332228.5126336256  4128596.429148955  -69.8358967399774
332229.1167954996  4128596.4836532534  -80.51407369732156
332230.1181113234  4128596.441407106  -91.14690325216426
332230.8151249312  4128596.2609539297  -101.40372122161533
332232.0382712764  4128595.7813694063  -111.64518870140267
332232.88820311433  4128595.4608585224  -111.000001274
332235.68819504173  4128594.386764263  -111.000001249
332238.2881875808  4128593.410674977  -111.000001201
332241.08817971905  4128592.435911618  -111.00000124
332243.98817142553  4128591.362473783  -111.00000124
332247.1881618865  4128590.1930168606  -111.000001339
332249.98815377854  4128589.118909408  -111.000001187
332252.58814632444  4128588.142807938  -111.000001087
